0 7
1 164
2 185
3 48
4 364
5 414
6 120
7 104
8 41
9 9
10 167
11 9
12 124
13 244
14 519
15 944
16 1001
17 168
18 843
19 68
20 853
21 167
22 1200
23 547
24 22
25 465
26 560
27 960
28 214
29 1484
30 585
31 1098
32 59
33 1344
34 61
35 1665
36 1345
37 382
38 246
39 9
40 60
41 1015
42 184
43 595
44 1258
45 1141
46 1488
47 420
48 113
49 104
50 340
51 891
52 948
53 723
54 50
55 506
56 177
57 290
58 2031
59 783
60 1448
61 743
62 740
63 50
64 104
65 321
66 1120
67 366
68 68
69 127
70 48
71 692
72 1488
73 823
74 280
75 184
76 611
77 258
78 444
79 1278
80 280
81 591
82 127
83 431
84 80
85 139
86 101
87 153
88 349
89 13
90 632
91 739
92 997
93 124
94 167
95 1231
96 236
97 242
98 9
99 1712
100 665
101 528
102 317
103 144
104 428
105 662
106 728
107 15
108 51
109 48
110 243
111 68
112 612
113 113
114 842
115 622
116 386
117 237
118 505
119 374
120 530
121 1064
122 381
123 517
124 165
125 124
126 104
127 244
128 609
129 218
130 1579
131 1528
132 48
133 435
134 235
135 435
136 128
137 44
138 661
139 1963
140 167
141 132
142 2036
143 219
144 420
145 38
146 430
147 209
148 1308
149 105
150 316
151 866
152 104
153 652
154 138
155 57
156 839
157 68
158 613
159 1969
160 255
161 97
162 115
163 1008
164 1520
165 499
166 695
167 141
168 124
169 1682
170 1240
171 434
172 860
173 284
174 755
175 189
176 2
177 950
178 2011
179 84
180 243
181 559
182 105
183 849
184 1673
185 382
186 338
187 1843
188 216
189 343
190 1485
191 681
192 221
193 2482
194 244
195 104
196 127
197 277
198 1843
199 2153
200 922
201 1790
202 1329
203 1278
204 44
205 124
206 276
207 788
208 65
209 613
210 1256
211 92
212 315
213 538
214 316
215 853
216 173
217 134
218 258
219 251
220 44
221 79
222 20
223 361
224 1298
225 273
226 4
227 436
228 126
229 743
230 1289
231 207
232 2633
233 1682
234 132
235 123
236 1902
237 1356
238 26
239 1789
240 243
241 1503
242 246
243 77
244 48
245 167
246 127
247 2237
248 15
249 78
250 132
251 372
252 2467
253 23
254 92
255 335
256 128
257 51
258 210
259 970
260 124
261 221
262 13
263 723
264 15
265 546
266 2237
267 315
268 199
269 587
270 1344
271 240
272 89
273 246
274 104
275 132
276 2357
277 2981
278 766
279 1105
280 242
281 555
282 203
283 1967
284 244
285 43
286 132
287 321
288 577
289 64
290 489
291 337
292 184
293 1485
294 584
295 316
296 104
297 743
298 1539
299 758
300 217
301 1673
302 2121
303 331
304 1313
305 617
306 330
307 240
308 23
309 168
310 44
311 380
312 1450
313 728
314 743
315 206
316 435
317 51
318 236
319 506
320 393
321 726
322 38
323 1402
324 392
325 414
326 92
327 1456
328 669
329 355
330 306
331 520
332 726
333 834
334 499
335 3082
336 1468
337 238
338 153
339 1232
340 92
341 571
342 546
343 104
344 426
345 280
346 99
347 242
348 331
349 43
350 529
351 259
352 912
353 242
354 98
355 622
356 829
357 97
358 143
359 1232
360 15
361 331
362 88
363 8
364 116
365 115
366 1273
367 1210
368 127
369 259
370 64
371 132
372 48
373 67
374 500
375 23
376 259
377 471
378 609
379 998
380 547
381 5
382 128
383 714
384 765
385 600
386 1651
387 38
388 629
389 338
390 730
391 7
392 97
393 793
394 275
395 127
396 1560
397 273
398 259
399 743
400 527
401 22
402 226
403 729
404 461
405 316
406 985
407 113
408 45
409 273
410 1331
411 68
412 199
413 153
414 246
415 1862
416 41
417 1253
418 637
419 146
420 132
421 359
422 2109
423 688
424 255
425 189
426 179
427 661
428 1503
429 237
430 369
431 152
432 2130
433 1022
434 128
435 633
436 672
437 68
438 891
439 44
440 597
441 259
442 797
443 175
444 1070
445 42
446 372
447 655
448 77
449 865
450 447
451 560
452 2625
453 127
454 175
455 104
456 851
457 38
458 1929
459 68
460 62
461 1195
462 2911
463 336
464 2031
465 487
466 700
467 127
468 612
469 1532
470 209
471 1631
472 1646
473 131
474 434
475 92
476 40
477 741
478 259
479 657
480 1273
481 1352
482 788
483 45
484 290
485 719
486 64
487 669
488 60
489 171
490 317
491 116
492 1941
493 38
494 470
495 678
496 609
497 1538
498 49
499 856
500 623
501 128
502 2645
503 209
504 38
505 716
506 132
507 29
508 1842
509 184
510 68
511 531
512 51
513 1120
514 530
515 4
516 2807
517 992
518 1921
519 321
520 92
521 1512
522 1537
523 279
524 215
525 3
526 406
527 559
528 97
529 1038
530 132
531 9
532 338
533 939
534 127
535 559
536 829
537 651
538 167
539 167
540 113
541 788
542 26
543 184
544 174
545 92
546 594
547 2552
548 468
549 756
550 105
551 260
552 317
553 29
554 1503
555 611
556 504
557 662
558 199
559 259
560 139
561 124
562 748
563 104
564 132
565 192
566 128
567 627
568 992
569 1014
570 1879
571 2344
572 377
573 853
574 392
575 4
576 529
577 1212
578 1472
579 127
580 50
581 23
582 39
583 467
584 662
585 1789
586 156
587 84
588 23
589 95
590 237
591 506
592 275
593 502
594 331
595 104
596 127
597 104
598 104
599 104
600 961
601 765
602 711
603 688
604 7
605 104
606 2062
607 127
608 48
609 693
610 104
611 797
612 1842
613 93
614 92
615 127
616 104
617 505
618 259
619 1208
620 9
621 350
622 748
623 412
624 132
625 26
626 890
627 1016
628 679
629 1660
630 97
631 51
632 2272
633 174
634 96
635 217
636 210
637 41
638 542
639 434
640 294
641 524
642 648
643 718
644 171
645 1653
646 184
647 209
648 151
649 111
650 917
651 425
652 355
653 1584
654 964
655 732
656 82
657 448
658 47
659 0
660 620
661 148
662 67
663 868
664 129
665 104
666 38
667 59
668 1730
669 2269
670 123
671 2530
672 662
673 184
674 48
675 1236
676 1921
677 143
678 44
679 8
680 321
681 92
682 134
683 429
684 128
685 504
686 718
687 643
688 374
689 68
690 201
691 853
692 343
693 419
694 1535
695 950
696 77
697 352
698 1456
699 226
700 2091
701 174
702 1539
703 68
704 376
705 209
706 406
707 273
708 216
709 562
710 714
711 1906
712 871
713 9
714 120
715 113
716 730
717 48
718 669
719 72
720 129
721 515
722 417
723 420
724 1594
725 505
726 85
727 1232
728 272
729 2003
730 67
731 194
732 1690
733 1499
734 376
735 67
736 3120
737 396
738 226
739 1118
740 44
741 206
742 335
743 517
744 68
745 132
746 127
747 546
748 665
749 2805
750 280
751 335
752 167
753 1651
754 209
755 132
756 23
757 1194
758 795
759 132
760 113
761 210
762 720
763 656
764 1061
765 321
766 80
767 420
768 1092
769 1131
770 738
771 38
772 124
773 931
774 1454
775 795
776 277
777 317
778 1018
779 145
780 3042
781 48
782 862
783 92
784 720
785 51
786 259
787 277
788 209
789 717
790 104
791 1272
792 547
793 1611
794 1450
795 1260
796 419
797 364
798 535
799 67
800 22
801 1041
802 174
803 608
804 104
805 3082
806 1118
807 124
808 23
809 23
810 454
811 171
812 719
813 515
814 723
815 1051
816 226
817 194
818 988
819 1485
820 593
821 315
822 1235
823 726
824 2512
825 420
826 1030
827 2036
828 112
829 236
830 275
831 14
832 1516
833 1862
834 14
835 338
836 2349
837 84
838 837
839 0
840 104
841 0
842 433
843 167
844 1101
845 177
846 29
847 1061
848 1121
849 104
850 547
851 728
852 557
853 174
854 831
855 1450
856 381
857 132
858 431
859 1042
860 351
861 272
862 1801
863 1526
864 837
865 609
866 517
867 528
868 352
869 866
870 1278
871 1005
872 629
873 2180
874 97
875 29
876 364
877 1503
878 939
879 244
880 531
881 349
882 434
883 316
884 2214
885 259
886 519
887 1921
888 1323
889 96
890 209
891 104
892 132
893 134
894 332
895 470
896 1465
897 38
898 279
899 1875
900 1163
901 94
902 879
903 355
904 22
905 48
906 1158
907 283
908 279
909 693
910 315
911 580
912 1582
913 92
914 177
915 92
916 546
917 1241
918 188
919 147
920 128
921 1801
922 1131
923 567
924 600
925 349
926 272
927 209
928 128
929 1497
930 535
931 89
932 512
933 2036
934 27
935 210
936 40
937 1297
938 67
939 104
940 167
941 171
942 167
943 386
944 41
945 1485
946 586
947 277
948 113
949 40
950 239
951 1297
952 477
953 439
954 134
955 1448
956 669
957 465
958 994
959 866
960 167
961 44
962 1543
963 1488
964 258
965 23
966 244
967 529
968 1359
969 587
970 499
971 7
972 535
973 968
974 338
975 23
976 206
977 895
978 64
979 669
980 648
981 792
982 14
983 4
984 48
985 423
986 51
987 2805
988 335
989 1516
990 2133
991 669
992 669
993 134
994 520
995 48
996 505
997 167
998 57
999 2055
1000 1310
1001 44
1002 127
1003 243
1004 68
1005 698
1006 15
1007 1643
1008 559
1009 19
1010 428
1011 221
1012 127
1013 2599
1014 171
1015 1540
1016 1578
1017 696
1018 195
1019 1969
1020 1106
1021 164
1022 766
1023 508
1024 1231
1025 546
1026 1730
1027 167
1028 120
1029 611
1030 30
1031 1929
1032 1237
1033 0
1034 321
1035 1105
1036 47
1037 273
1038 23
1039 1240
1040 44
1041 585
1042 5
1043 862
1044 1761
1045 38
1046 51
1047 306
1048 229
1049 43
1050 321
1051 151
1052 561
1053 15
1054 1200
1055 128
1056 1014
1057 411
1058 1664
1059 577
1060 661
1061 124
1062 1109
1063 246
1064 134
1065 1494
1066 669
1067 1908
1068 545
1069 2039
1070 23
1071 338
1072 7
1073 629
1074 4
1075 454
1076 1194
1077 255
1078 573
1079 509
1080 62
1081 1046
1082 244
1083 1303
1084 2566
1085 4
1086 259
1087 38
1088 167
1089 993
1090 1213
1091 396
1092 419
1093 891
1094 243
1095 669
1096 111
1097 1120
1098 5
1099 1421
1100 1131
1101 914
1102 23
1103 664
1104 342
1105 1105
1106 506
1107 184
1108 2893
1109 105
1110 863
1111 853
1112 591
1113 377
1114 2491
1115 756
1116 689
1117 748
1118 559
1119 714
1120 414
1121 67
1122 84
1123 194
1124 104
1125 1921
1126 236
1127 213
1128 2066
1129 717
1130 124
1131 720
1132 733
1133 259
1134 922
1135 505
1136 1106
1137 9
1138 1617
1139 905
1140 116
1141 104
1142 51
1143 210
1144 2521
1145 797
1146 38
1147 652
1148 905
1149 467
1150 435
1151 794
1152 527
1153 481
1154 321
1155 238
1156 68
1157 866
1158 321
1159 411
1160 1162
1161 465
1162 22
1163 1131
1164 176
1165 244
1166 2222
1167 1502
1168 237
1169 186
1170 3
1171 321
1172 690
1173 26
1174 538
1175 559
1176 662
1177 669
1178 2569
1179 9
1180 1501
1181 82
1182 2542
1183 2013
1184 280
1185 57
1186 495
1187 189
1188 1449
1189 43
1190 3
1191 213
1192 1732
1193 12
1194 1105
1195 78
1196 64
1197 38
1198 1150
1199 26
1200 123
1201 15
1202 247
1203 528
1204 194
1205 1824
1206 1310
1207 124
1208 766
1209 316
1210 1454
1211 1610
1212 217
1213 1641
1214 104
1215 116
1216 375
1217 866
1218 1837
1219 585
1220 599
1221 67
1222 448
1223 1485
1224 2483
1225 209
1226 113
1227 132
1228 97
1229 206
1230 26
1231 1237
1232 510
1233 799
1234 925
1235 294
1236 244
1237 831
1238 1986
1239 1276
1240 669
1241 2094
1242 64
1243 104
1244 68
1245 343
1246 97
1247 104
1248 788
1249 1633
1250 1064
1251 272
1252 1963
1253 1182
1254 843
1255 945
1256 267
1257 0
1258 853
1259 1280
1260 505
1261 147
1262 242
1263 45
1264 1195
1265 431
1266 218
1267 1546
1268 517
1269 418
1270 236
1271 499
1272 602
1273 84
1274 1155
1275 171
1276 2489
1277 506
1278 831
1279 27
1280 50
1281 1639
1282 990
1283 215
1284 1712
1285 700
1286 171
1287 578
1288 8
1289 524
1290 184
1291 134
1292 831
1293 183
1294 740
1295 159
1296 633
1297 184
1298 78
1299 898
1300 1289
1301 186
1302 2624
1303 194
1304 719
1305 280
1306 1887
1307 3070
1308 2116
1309 44
1310 97
1311 686
1312 1253
1313 113
1314 1584
1315 499
1316 788
1317 755
1318 153
1319 104
1320 116
1321 629
1322 199
1323 38
1324 48
1325 714
1326 259
1327 199
1328 0
1329 633
1330 714
1331 669
1332 1485
1333 48
1334 1553
1335 755
1336 89
1337 15
1338 2376
1339 48
1340 2855
1341 177
1342 382
1343 1158
1344 322
1345 1531
1346 434
1347 5
1348 7
1349 2400
1350 756
1351 465
1352 9
1353 105
1354 212
1355 217
1356 50
1357 1182
1358 694
1359 960
1360 2514
1361 600
1362 741
1363 158
1364 1060
1365 7
1366 1007
1367 868
1368 2534
1369 340
1370 411
1371 337
1372 372
1373 244
1374 126
1375 1921
1376 948
1377 237
1378 539
1379 1449
1380 1531
1381 68
1382 139
1383 535
1384 669
1385 433
1386 1158
1387 2416
1388 134
1389 629
1390 1200
1391 1005
1392 618
1393 325
1394 3173
1395 153
1396 104
1397 383
1398 2329
1399 831
1400 743
1401 2131
1402 7
1403 489
1404 156
1405 48
1406 244
1407 577
1408 43
1409 669
1410 1237
1411 903
1412 693
1413 104
1414 12
1415 840
1416 416
1417 217
1418 365
1419 662
1420 565
1421 1817
1422 1967
1423 505
1424 390
1425 64
1426 104
1427 669
1428 669
1429 43
1430 237
1431 1878
1432 1018
1433 305
1434 994
1435 4
1436 559
1437 743
1438 703
1439 2051
1440 113
1441 3
1442 1957
1443 617
1444 97
1445 580
1446 0
1447 171
1448 1969
1449 1105
1450 515
1451 171
1452 229
1453 146
1454 1105
1455 50
1456 1629
1457 171
1458 1875
1459 831
1460 96
1461 48
1462 147
1463 497
1464 668
1465 546
1466 184
1467 1274
1468 524
1469 541
1470 1061
1471 998
1472 495
1473 38
1474 960
1475 67
1476 766
1477 831
1478 5
1479 350
1480 2732
1481 244
1482 7
1483 132
1484 519
1485 172
1486 1584
1487 92
1488 291
1489 376
1490 50
1491 1237
1492 51
1493 497
1494 125
1495 167
1496 1244
1497 38
1498 1230
1499 1211
1500 366
1501 244
1502 2066
1503 795
1504 76
1505 48
1506 534
1507 113
1508 834
1509 321
1510 77
1511 376
1512 104
1513 2137
1514 1105
1515 97
1516 198
1517 84
1518 517
1519 97
1520 669
1521 1911
1522 266
1523 9
1524 259
1525 273
1526 740
1527 611
1528 331
1529 506
1530 338
1531 143
1532 766
1533 1115
1534 321
1535 2242
1536 985
1537 420
1538 839
1539 467
1540 38
1541 831
1542 184
1543 506
1544 2727
1545 338
1546 7
1547 1488
1548 259
1549 54
1550 745
1551 217
1552 259
1553 1610
1554 622
1555 78
1556 1542
1557 44
1558 322
1559 2389
1560 48
1561 151
1562 285
1563 1472
1564 662
1565 132
1566 434
1567 559
1568 831
1569 406
1570 216
1571 514
1572 716
1573 1345
1574 104
1575 1109
1576 1076
1577 629
1578 500
1579 788
1580 2134
1581 1454
1582 1871
1583 419
1584 134
1585 1210
1586 994
1587 1064
1588 1064
1589 609
1590 815
1591 797
1592 2911
1593 790
1594 1228
1595 321
1596 744
1597 770
1598 67
1599 350
1600 132
1601 173
1602 622
1603 982
1604 87
1605 38
1606 50
1607 151
1608 2847
1609 1824
1610 1608
1611 528
1612 321
1613 732
1614 167
1615 539
1616 611
1617 770
1618 611
1619 183
1620 499
1621 420
1622 366
1623 1560
1624 1298
1625 895
1626 1801
1627 446
1628 275
1629 92
1630 412
1631 848
1632 869
1633 15
1634 104
1635 250
1636 97
1637 244
1638 1529
1639 629
1640 64
1641 515
1642 517
1643 1166
1644 553
1645 597
1646 614
1647 1472
1648 84
1649 372
1650 867
1651 44
1652 68
1653 46
1654 315
1655 519
1656 169
1657 51
1658 38
1659 167
1660 243
1661 153
1662 916
1663 48
1664 236
1665 88
1666 15
1667 1239
1668 44
1669 86
1670 104
1671 296
1672 797
1673 831
1674 4
1675 113
1676 1172
1677 84
1678 766
1679 14
1680 50
1681 593
1682 728
1683 1310
1684 539
1685 148
1686 38
1687 986
1688 87
1689 1451
1690 980
1691 148
1692 93
1693 704
1694 331
1695 259
1696 1105
1697 42
1698 287
1699 132
1700 1200
1701 429
1702 1653
1703 1647
1704 184
1705 1769
1706 104
1707 1064
1708 57
1709 993
1710 176
1711 68
1712 266
1713 101
1714 259
1715 352
1716 48
1717 274
1718 294
1719 664
1720 104
1721 194
1722 1018
1723 1517
1724 8
1725 1485
1726 104
1727 283
1728 48
1729 740
1730 861
1731 618
1732 52
1733 214
1734 1120
1735 411
1736 661
1737 783
1738 23
1739 9
1740 206
1741 48
1742 1005
1743 2135
1744 1730
1745 951
1746 2534
1747 283
1748 38
1749 1973
1750 356
1751 226
1752 424
1753 46
1754 2571
1755 92
1756 385
1757 673
1758 113
1759 22
1760 217
1761 359
1762 149
1763 38
1764 1456
1765 184
1766 1310
1767 44
1768 1568
1769 48
1770 349
1771 210
1772 120
1773 71
1774 160
1775 500
1776 244
1777 909
1778 669
1779 434
1780 619
1781 862
1782 434
1783 171
1784 1033
1785 48
1786 196
1787 795
1788 291
1789 515
1790 97
1791 26
1792 1298
1793 535
1794 669
1795 1542
1796 382
1797 669
1798 2011
1799 376
1800 644
1801 740
1802 300
1803 67
1804 992
1805 44
1806 1253
1807 38
1808 633
1809 104
1810 97
1811 331
1812 48
1813 531
1814 406
1815 283
1816 527
1817 1532
1818 984
1819 283
1820 113
1821 383
1822 994
1823 661
1824 530
1825 244
1826 151
1827 128
1828 1538
1829 128
1830 26
1831 446
1832 351
1833 454
1834 113
1835 92
1836 167
1837 53
1838 1730
1839 2091
1840 945
1841 21
1842 253
1843 603
1844 48
1845 531
1846 124
1847 1017
1848 741
1849 68
1850 23
1851 62
1852 530
1853 16
1854 185
1855 127
1856 1633
1857 101
1858 669
1859 2625
1860 444
1861 167
1862 524
1863 1608
1864 105
1865 1298
1866 369
1867 562
1868 132
1869 171
1870 116
1871 44
1872 2583
1873 911
1874 1466
1875 1232
1876 274
1877 124
1878 1293
1879 1645
1880 8
1881 92
1882 662
1883 1043
1884 1958
1885 136
1886 669
1887 1466
1888 2329
1889 143
1890 136
1891 2232
1892 2180
1893 475
1894 138
1895 341
1896 60
1897 51
1898 209
1899 40
1900 420
1901 14
1902 669
1903 1349
1904 104
1905 517
1906 0
1907 1237
1908 743
1909 40
1910 104
1911 829
1912 326
1913 164
1914 1817
1915 1832
1916 44
1917 603
1918 532
1919 729
1920 244
1921 994
1922 1105
1923 38
1924 435
1925 2503
1926 1131
1927 2627
1928 1786
1929 515
1930 541
1931 480
1932 420
1933 124
1934 1844
1935 1285
1936 1797
1937 1517
1938 316
1939 219
1940 661
1941 815
1942 718
1943 259
1944 128
1945 1228
1946 357
1947 1986
1948 27
1949 50
1950 732
1951 10
1952 266
1953 133
1954 105
1955 1115
1956 755
1957 372
1958 706
1959 982
1960 434
1961 600
1962 338
1963 244
1964 831
1965 1237
1966 1775
1967 47
1968 585
1969 10
1970 539
1971 916
1972 1636
1973 1836
1974 1244
1975 434
1976 0
1977 1298
1978 1348
1979 462
1980 90
1981 173
1982 16
1983 1264
1984 321
1985 236
1986 276
1987 315
1988 515
1989 2507
1990 113
1991 177
1992 315
1993 562
1994 96
1995 389
1996 2037
1997 633
1998 624
1999 896
2000 64
2001 726
2002 209
2003 48
2004 290
2005 317
2006 176
2007 1220
2008 646
2009 2494
2010 124
2011 1615
2012 849
2013 2033
2014 435
2015 171
2016 91
2017 194
2018 242
2019 316
2020 489
2021 26
2022 167
2023 127
2024 183
2025 2033
2026 1270
2027 688
2028 2279
2029 55
2030 22
2031 1311
2032 903
2033 955
2034 718
2035 305
2036 140
2037 884
2038 515
2039 696
2040 932
2041 519
2042 242
2043 246
2044 486
2045 312
2046 258
2047 64
2048 205
2049 167
2050 515
2051 1558
2052 719
2053 259
2054 85
2055 246
2056 1188
2057 792
2058 1628
2059 44
2060 605
2061 273
2062 264
2063 3374
2064 40
2065 1200
2066 662
2067 249
2068 94
2069 1457
2070 696
2071 1485
2072 896
2073 926
2074 434
2075 255
2076 237
2077 542
2078 486
2079 2255
2080 47
2081 97
2082 204
2083 1283
2084 676
2085 2153
2086 13
2087 758
2088 1461
2089 392
2090 891
2091 38
2092 853
2093 104
2094 426
2095 364
2096 51
2097 38
2098 244
2099 732
2100 694
2101 104
2102 29
2103 1121
2104 64
2105 153
2106 167
2107 524
2108 113
2109 788
2110 1200
2111 719
2112 203
2113 78
2114 568
2115 985
2116 105
2117 1442
2118 623
2119 132
2120 714
2121 517
2122 960
2123 243
2124 80
2125 431
2126 714
2127 1670
2128 64
2129 167
2130 800
2131 1209
2132 1053
2133 655
2134 127
2135 1004
2136 85
2137 1092
2138 1118
2139 20
2140 122
2141 217
2142 528
2143 27
2144 213
2145 585
2146 374
2147 740
2148 128
2149 2385
2150 599
2151 681
2152 550
2153 1283
2154 7
2155 475
2156 416
2157 145
2158 160
2159 83
2160 39
2161 1717
2162 1244
2163 2387
2164 1492
2165 486
2166 350
2167 535
2168 264
2169 896
2170 23
2171 420
2172 252
2173 18
2174 670
2175 633
2176 128
2177 891
2178 611
2179 246
2180 646
2181 439
2182 51
2183 22
2184 124
2185 611
2186 218
2187 134
2188 133
2189 1455
2190 317
2191 9
2192 33
2193 68
2194 119
2195 22
2196 787
2197 127
2198 615
2199 116
2200 184
2201 104
2202 1986
2203 1462
2204 56
2205 134
2206 862
2207 499
2208 350
2209 1992
2210 1289
2211 1023
2212 321
2213 167
2214 600
2215 2474
2216 1236
2217 40
2218 40
2219 1506
2220 1711
2221 716
2222 78
2223 184
2224 465
2225 12
2226 994
2227 116
2228 1283
2229 683
2230 23
2231 435
2232 1244
2233 662
2234 103
2235 649
2236 64
2237 1730
2238 1545
2239 837
2240 63
2241 236
2242 1531
2243 1216
2244 993
2245 1494
2246 406
2247 186
2248 124
2249 389
2250 92
2251 1613
2252 9
2253 246
2254 92
2255 128
2256 432
2257 348
2258 950
2259 277
2260 484
2261 766
2262 418
2263 499
2264 717
2265 280
2266 246
2267 105
2268 662
2269 831
2270 478
2271 189
2272 733
2273 1308
2274 51
2275 1453
2276 990
2277 732
2278 743
2279 519
2280 15
2281 1475
2282 2570
2283 22
2284 1531
2285 420
2286 97
2287 1475
2288 127
2289 1731
2290 2498
2291 162
2292 104
2293 60
2294 127
2295 321
2296 92
2297 41
2298 1668
2299 275
2300 585
2301 336
2302 2153
2303 23
2304 1298
2305 14
2306 22
2307 964
2308 372
2309 128
2310 407
2311 499
2312 23
2313 1545
2314 134
2315 667
2316 38
2317 714
2318 77
2319 923
2320 499
2321 243
2322 78
2323 649
2324 538
2325 256
2326 1299
2327 335
2328 200
2329 724
2330 194
2331 155
2332 553
2333 618
2334 88
2335 1610
2336 420
2337 11
2338 5
2339 669
2340 195
2341 78
2342 994
2343 669
2344 85
2345 1264
2346 1004
2347 311
2348 643
2349 611
2350 115
2351 340
2352 372
2353 559
2354 669
2355 547
2356 244
2357 1712
2358 726
2359 714
2360 151
2361 195
2362 106
2363 62
2364 213
2365 2136
2366 20
2367 1240
2368 9
2369 3
2370 1529
2371 151
2372 125
2373 67
2374 87
2375 2033
2376 1542
2377 723
2378 38
2379 1456
2380 741
2381 509
2382 669
2383 562
2384 33
2385 714
2386 38
2387 1523
2388 374
2389 57
2390 38
2391 70
2392 486
2393 603
2394 1005
2395 788
2396 765
2397 468
2398 798
2399 153
2400 0
2401 1503
2402 519
2403 1613
2404 23
2405 597
2406 92
2407 23
2408 587
2409 499
2410 406
2411 531
2412 900
2413 168
2414 216
2415 990
2416 164
2417 207
2418 97
2419 2425
2420 236
2421 1520
2422 851
2423 198
2424 13
2425 41
2426 44
2427 92
2428 495
2429 78
2430 280
2431 48
2432 493
2433 1712
2434 4
2435 58
2436 9
2437 396
2438 1458
2439 124
2440 210
2441 196
2442 47
2443 132
2444 128
2445 1298
2446 905
2447 42
2448 537
2449 217
2450 2577
2451 1374
2452 97
2453 491
2454 1253
2455 292
2456 8
2457 92
2458 23
2459 633
2460 1445
2461 795
2462 388
2463 524
2464 0
2465 1503
2466 1228
2467 6
2468 92
2469 2467
2470 565
2471 47
2472 124
2473 994
2474 273
2475 76
2476 82
2477 610
2478 1340
2479 58
2480 486
2481 7
2482 2002
2483 51
2484 1470
2485 567
2486 174
2487 214
2488 23
2489 880
2490 23
2491 941
2492 1283
2493 2250
2494 153
2495 565
2496 1708
2497 2873
2498 1228
2499 198
2500 803
2501 2512
2502 1030
2503 530
2504 720
2505 41
2506 597
2507 505
2508 1451
2509 733
2510 382
2511 26
2512 630
2513 609
2514 1105
2515 171
2516 840
2517 662
2518 770
2519 631
2520 469
2521 669
2522 246
2523 604
2524 244
2525 1465
2526 0
2527 915
2528 811
2529 269
2530 128
2531 740
2532 127
2533 132
2534 90
2535 729
2536 1004
2537 128
2538 1092
2539 127
2540 259
2541 629
2542 1558
2543 166
2544 1253
2545 1037
2546 792
2547 433
2548 105
2549 669
2550 2472
2551 1682
2552 858
2553 343
2554 906
2555 315
2556 124
2557 1517
2558 438
2559 14
2560 982
2561 38
2562 1542
2563 529
2564 160
2565 505
2566 151
2567 1503
2568 1149
2569 43
2570 406
2571 23
2572 834
2573 164
2574 1503
2575 48
2576 1141
2577 1488
2578 9
2579 2522
2580 546
2581 143
2582 773
2583 376
2584 23
2585 236
2586 865
2587 691
2588 814
2589 487
2590 411
2591 839
2592 96
2593 904
2594 182
2595 1588
2596 171
2597 177
2598 211
2599 766
2600 101
2601 109
2602 428
2603 728
2604 139
2605 29
2606 1448
2607 23
2608 246
2609 381
2610 510
2611 92
2612 40
2613 546
2614 390
2615 221
2616 153
2617 1061
2618 406
2619 0
2620 343
2621 2141
2622 1331
2623 184
2624 1453
2625 2055
2626 733
2627 766
2628 1993
2629 5
2630 134
2631 669
2632 40
2633 349
2634 97
2635 519
2636 669
2637 331
2638 982
2639 41
2640 1488
2641 603
2642 714
2643 646
2644 97
2645 170
2646 352
2647 2952
2648 68
2649 153
2650 41
2651 290
2652 392
2653 1871
2654 45
2655 420
2656 444
2657 280
2658 135
2659 770
2660 134
2661 538
2662 1233
2663 77
2664 113
2665 246
2666 5
2667 2489
2668 758
2669 279
2670 132
2671 209
2672 1450
2673 1278
2674 814
2675 629
2676 590
2677 2474
2678 428
2679 2871
2680 51
2681 711
2682 531
2683 67
2684 1231
2685 221
2686 102
2687 982
2688 206
2689 258
2690 1244
2691 499
2692 7
2693 819
2694 43
2695 434
2696 995
2697 23
2698 528
2699 9
2700 104
2701 317
2702 524
2703 2051
2704 58
2705 237
2706 416
2707 8
2708 9
2709 38
2710 2440
2711 562
2712 1472
2713 385
2714 132
2715 1176
2716 75
2717 92
2718 669
2719 743
2720 26
2721 99
2722 317
2723 147
2724 528
2725 795
2726 2141
2727 1135
2728 535
2729 2751
2730 477
2731 273
2732 22
2733 132
2734 1000
2735 945
2736 104
2737 679
2738 576
2739 527
2740 40
2741 420
2742 26
2743 665
2744 373
2745 39
2746 567
2747 167
2748 40
2749 1281
2750 243
2751 1061
2752 246
2753 1231
2754 92
2755 352
2756 1476
2757 210
2758 534
2759 982
2760 198
2761 414
2762 14
2763 127
2764 78
2765 1730
2766 377
2767 1512
2768 167
2769 244
2770 1663
2771 669
2772 866
2773 383
2774 618
2775 946
2776 630
2777 164
2778 68
2779 97
2780 239
2781 26
2782 350
2783 2231
2784 48
2785 1173
2786 162
2787 964
2788 1075
2789 1158
2790 414
2791 29
2792 799
2793 167
2794 50
2795 1673
2796 23
2797 1182
2798 317
2799 562
2800 237
2801 41
2802 1211
2803 661
2804 732
2805 1241
2806 382
2807 2216
2808 151
2809 6
2810 5
2811 147
2812 326
2813 534
2814 834
2815 669
2816 326
2817 1646
2818 664
2819 669
2820 2232
2821 51
2822 420
2823 2896
2824 1150
2825 1278
2826 1542
2827 517
2828 1755
2829 1456
2830 831
2831 437
2832 354
2833 1456
2834 0
2835 38
2836 896
2837 221
2838 1595
2839 141
2840 829
2841 256
2842 524
2843 273
2844 463
2845 315
2846 524
2847 823
2848 213
2849 426
2850 259
2851 1131
2852 2750
2853 770
2854 1614
2855 873
2856 277
2857 206
2858 64
2859 62
2860 3609
2861 51
2862 868
2863 88
2864 639
2865 2035
2866 714
2867 44
2868 331
2869 132
2870 505
2871 2494
2872 5
2873 751
2874 506
2875 50
2876 40
2877 575
2878 167
2879 462
2880 45
2881 669
2882 22
2883 236
2884 13
2885 1113
2886 176
2887 911
2888 1824
2889 43
2890 5
2891 1188
2892 740
2893 1851
2894 184
2895 925
2896 217
2897 5
2898 878
2899 1817
2900 677
2901 60
2902 531
2903 592
2904 4
2905 829
2906 38
2907 1965
2908 661
2909 535
2910 1226
2911 522
2912 96
2913 242
2914 206
2915 132
2916 132
2917 27
2918 420
2919 2122
2920 153
2921 51
2922 149
2923 51
2924 23
2925 1080
2926 22
2927 2232
2928 12
2929 385
2930 258
2931 104
2932 4
2933 831
2934 192
2935 153
2936 38
2937 0
2938 174
2939 522
2940 352
2941 369
2942 75
2943 306
2944 263
2945 243
2946 1030
2947 97
2948 167
2949 454
2950 434
2951 174
2952 189
2953 611
2954 92
2955 2148
2956 199
2957 195
2958 1445
2959 1185
2960 1256
2961 20
2962 524
2963 27
2964 68
2965 38
2966 206
2967 315
2968 167
2969 420
2970 40
2971 3362
2972 669
2973 1231
2974 196
2975 92
2976 743
2977 20
2978 1115
2979 283
2980 685
2981 867
2982 2041
2983 68
2984 839
2985 50
2986 288
2987 714
2988 48
2989 5
2990 46
2991 116
2992 47
2993 127
2994 124
2995 1158
2996 317
2997 155
2998 128
2999 132
3000 472
3001 217
3002 591
3003 322
3004 70
3005 994
3006 1376
3007 643
3008 547
3009 283
3010 84
3011 7
3012 955
3013 259
3014 38
3015 210
3016 1623
3017 1623
3018 259
3019 104
3020 132
3021 280
3022 1466
3023 1714
3024 743
3025 104
3026 221
3027 167
3028 242
3029 14
3030 2309
3031 132
3032 184
3033 0
3034 531
3035 2350
3036 1182
3037 1155
3038 488
3039 78
3040 414
3041 220
3042 195
3043 609
3044 1542
3045 736
3046 38
3047 19
3048 43
3049 994
3050 105
3051 38
3052 385
3053 92
3054 64
3055 92
3056 481
3057 280
3058 2043
3059 51
3060 470
3061 661
3062 435
3063 2471
3064 217
3065 23
3066 23
3067 486
3068 9
3069 434
3070 306
3071 1450
3072 215
3073 793
3074 277
3075 2995
3076 1101
3077 176
3078 40
3079 128
3080 743
3081 535
3082 529
3083 664
3084 246
3085 945
3086 576
3087 9
3088 167
3089 541
3090 189
3091 244
3092 791
3093 38
3094 982
3095 68
3096 1248
3097 665
3098 714
3099 623
3100 266
3101 1539
3102 530
3103 151
3104 2829
3105 701
3106 896
3107 1228
3108 151
3109 9
3110 1001
3111 363
3112 1967
3113 246
3114 96
3115 585
3116 305
3117 242
3118 47
3119 614
3120 669
3121 1115
3122 1730
3123 500
3124 51
3125 376
3126 223
3127 151
3128 1456
3129 2
3130 72
3131 1352
3132 2626
3133 26
3134 2563
3135 204
3136 381
3137 755
3138 522
3139 913
3140 386
3141 74
3142 745
3143 1386
3144 23
3145 406
3146 59
3147 957
3148 1927
3149 124
3150 168
3151 90
3152 529
3153 104
3154 124
3155 1115
3156 44
3157 38
3158 127
3159 57
3160 3019
3161 29
3162 62
3163 1640
3164 1456
3165 406
3166 1185
3167 160
3168 515
3169 662
3170 159
3171 1852
3172 321
3173 1761
3174 916
3175 338
3176 669
3177 3152
3178 788
3179 179
3180 405
3181 322
3182 244
3183 27
3184 48
3185 191
3186 669
3187 0
3188 68
3189 1520
3190 2566
3191 97
3192 84
3193 129
3194 244
3195 315
3196 192
3197 2235
3198 68
3199 204
3200 834
3201 457
3202 5
3203 1466
3204 0
3205 2489
3206 132
3207 2045
3208 2288
3209 444
3210 843
3211 60
3212 363
3213 1962
3214 2514
3215 1453
3216 167
3217 643
3218 1106
3219 85
3220 1130
3221 1453
3222 1646
3223 243
3224 885
3225 941
3226 41
3227 85
3228 38
3229 2046
3230 895
3231 68
3232 132
3233 885
3234 280
3235 64
3236 1564
3237 206
3238 506
3239 1001
3240 337
3241 2039
3242 387
3243 84
3244 13
3245 2011
3246 620
3247 741
3248 258
3249 527
3250 78
3251 127
3252 44
3253 800
3254 287
3255 720
3256 259
3257 1331
3258 256
3259 677
3260 64
3261 1166
3262 617
3263 259
3264 116
3265 2131
3266 669
3267 1344
3268 797
3269 610
3270 104
3271 280
3272 1764
3273 696
3274 719
3275 64
3276 904
3277 994
3278 306
3279 211
3280 104
3281 291
3282 317
3283 1135
3284 134
3285 317
3286 372
3287 565
3288 2051
3289 259
3290 1195
3291 770
3292 132
3293 44
3294 85
3295 656
3296 5
3297 194
3298 1499
3299 1200
3300 1158
3301 601
3302 20
3303 839
3304 51
3305 128
3306 2321
3307 406
3308 198
3309 594
3310 766
3311 864
3312 236
3313 499
3314 23
3315 1126
3316 53
3317 897
3318 38
3319 84
3320 416
3321 15
3322 1195
3323 51
3324 85
3325 1106
3326 85
3327 1157
3328 387
3329 1887
3330 1651
3331 713
3332 1895
3333 134
3334 110
3335 1438
3336 342
3337 363
3338 294
3339 64
3340 743
3341 3264
3342 19
3343 38
3344 13
3345 0
3346 2
3347 9
3348 751
3349 385
3350 355
3351 1290
3352 127
3353 559
3354 522
3355 994
3356 741
3357 1150
3358 580
3359 891
3360 321
3361 711
3362 23
3363 126
3364 242
3365 219
3366 45
3367 1789
3368 396
3369 411
3370 355
3371 988
3372 1150
3373 372
3374 580
3375 505
3376 420
3377 2633
3378 167
3379 127
3380 714
3381 44
3382 837
3383 124
3384 67
3385 326
3386 1115
3387 124
3388 1448
3389 96
3390 148
3391 47
3392 167
3393 134
3394 194
3395 246
3396 609
3397 184
3398 127
3399 743
3400 758
3401 41
3402 467
3403 1457
3404 556
3405 720
3406 901
3407 175
3408 381
3409 792
3410 538
3411 350
3412 559
3413 85
3414 2128
3415 372
3416 2337
3417 115
3418 1216
3419 47
3420 815
3421 1109
3422 23
3423 19
3424 435
3425 22
3426 67
3427 545
3428 283
3429 1240
3430 1339
3431 1166
3432 509
3433 51
3434 872
3435 44
3436 59
3437 221
3438 321
3439 23
3440 244
3441 343
3442 26
3443 885
3444 4
3445 1228
3446 2702
3447 1742
3448 542
3449 1120
3450 799
3451 92
3452 199
3453 147
3454 1231
3455 546
3456 1864
3457 210
3458 1046
3459 416
3460 369
3461 505
3462 610
3463 719
3464 665
3465 611
3466 44
3467 124
3468 189
3469 850
3470 22
3471 861
3472 418
3473 136
3474 1109
3475 723
3476 1352
3477 552
3478 213
3479 338
3480 104
3481 0
3482 43
3483 171
3484 43
3485 5
3486 1286
3487 167
3488 1548
3489 369
3490 1092
3491 470
3492 1070
3493 857
3494 280
3495 364
3496 355
3497 939
3498 104
3499 434
3500 321
3501 775
3502 755
3503 420
3504 109
3505 2232
3506 1236
3507 160
3508 167
3509 321
3510 790
3511 246
3512 104
3513 1710
3514 2227
3515 64
3516 411
3517 246
3518 58
3519 212
3520 92
3521 8
3522 1524
3523 269
3524 619
3525 104
3526 2011
3527 526
3528 611
3529 50
3530 3124
3531 960
3532 964
3533 1254
3534 534
3535 777
3536 106
3537 1283
3538 133
3539 192
3540 567
3541 714
3542 587
3543 713
3544 1011
3545 244
3546 1135
3547 210
3548 124
3549 433
3550 884
3551 434
3552 151
3553 214
3554 1115
3555 281
3556 1041
3557 597
3558 1016
3559 1610
3560 1115
3561 128
3562 400
3563 895
3564 92
3565 529
3566 132
3567 385
3568 1503
3569 259
3570 1322
3571 77
3572 185
3573 1475
3574 210
3575 732
3576 542
3577 1523
3578 331
3579 1200
3580 216
3581 183
3582 120
3583 775
3584 823
3585 67
3586 502
3587 2646
3588 164
3589 1284
3590 104
3591 183
3592 1200
3593 505
3594 590
3595 904
3596 145
3597 242
3598 905
3599 2133
3600 139
3601 664
3602 199
3603 876
3604 280
3605 174
3606 127
3607 960
3608 38
3609 171
3610 608
3611 1213
3612 3
3613 9
3614 805
3615 48
3616 1558
3617 1476
3618 48
3619 70
3620 336
3621 184
3622 317
3623 13
3624 128
3625 770
3626 726
3627 209
3628 2153
3629 97
3630 209
3631 0
3632 132
3633 1115
3634 160
3635 62
3636 1499
3637 597
3638 38
3639 48
3640 51
3641 132
3642 775
3643 479
3644 97
3645 562
3646 964
3647 113
3648 2180
3649 127
3650 22
3651 681
3652 2513
3653 60
3654 85
3655 57
3656 12
3657 1466
3658 217
3659 1423
3660 531
3661 79
3662 1903
3663 205
3664 479
3665 538
3666 1921
3667 766
3668 23
3669 92
3670 1466
3671 40
3672 8
3673 116
3674 1011
3675 29
3676 194
3677 15
3678 23
3679 128
3680 97
3681 150
3682 38
3683 128
3684 67
3685 151
3686 184
3687 199
3688 547
3689 766
3690 15
3691 1188
3692 213
3693 520
3694 864
3695 321
3696 202
3697 396
3698 51
3699 1220
3700 898
3701 40
3702 2151
3703 22
3704 379
3705 1942
3706 974
3707 363
3708 587
3709 470
3710 756
3711 743
3712 132
3713 843
3714 611
3715 186
3716 336
3717 138
3718 172
3719 39
3720 394
3721 561
3722 662
3723 41
3724 470
3725 352
3726 48
3727 1605
3728 1585
3729 426
3730 1691
3731 84
3732 486
3733 5
3734 82
3735 221
3736 273
3737 44
3738 669
3739 211
3740 495
3741 38
3742 2870
3743 153
3744 669
3745 559
3746 2174
3747 1158
3748 464
3749 547
3750 500
3751 788
3752 354
3753 19
3754 192
3755 521
3756 206
3757 259
3758 5
3759 13
3760 43
3761 911
3762 464
3763 766
3764 59
3765 1558
3766 1454
3767 381
3768 0
3769 462
3770 380
3771 64
3772 2808
3773 1465
3774 104
3775 85
3776 515
3777 104
3778 171
3779 2191
3780 5
3781 532
3782 856
3783 2139
3784 1245
3785 44
3786 160
3787 1318
3788 1158
3789 1740
3790 573
3791 167
3792 44
3793 839
3794 1579
3795 5
3796 104
3797 138
3798 259
3799 189
3800 123
3801 788
3802 514
3803 528
3804 998
3805 1466
3806 393
3807 209
3808 139
3809 306
3810 132
3811 611
3812 420
3813 0
3814 38
3815 681
3816 515
3817 291
3818 982
3819 646
3820 486
3821 104
3822 255
3823 116
3824 661
3825 770
3826 807
3827 2376
3828 116
3829 183
3830 206
3831 40
3832 132
3833 2091
3834 43
3835 350
3836 618
3837 7
3838 38
3839 1879
3840 206
3841 513
3842 85
3843 839
3844 68
3845 23
3846 64
3847 2046
3848 1707
3849 1583
3850 653
3851 324
3852 1256
3853 2064
3854 352
3855 1528
3856 847
3857 124
3858 1314
3859 23
3860 1235
3861 994
3862 905
3863 67
3864 909
3865 460
3866 104
3867 726
3868 420
3869 1003
3870 32
3871 1491
3872 839
3873 2241
3874 617
3875 611
3876 2575
3877 1049
3878 134
3879 213
3880 1151
3881 693
3882 273
3883 771
3884 1860
3885 217
3886 44
3887 171
3888 669
3889 6
3890 164
3891 505
3892 243
3893 151
3894 682
3895 719
3896 195
3897 127
3898 85
3899 1467
3900 1011
3901 0
3902 656
3903 287
3904 38
3905 815
3906 1241
3907 486
3908 85
3909 1579
3910 1107
3911 104
3912 217
3913 1631
3914 338
3915 739
3916 40
3917 587
3918 51
3919 43
3920 183
3921 1986
3922 2706
3923 766
3924 132
3925 64
3926 167
3927 409
3928 648
3929 1801
3930 622
3931 751
3932 199
3933 618
3934 10
3935 719
3936 1466
3937 160
3938 240
3939 104
3940 603
3941 711
3942 0
3943 175
3944 1961
3945 731
3946 435
3947 1475
3948 1341
3949 814
3950 164
3951 2017
3952 85
3953 157
3954 138
3955 277
3956 766
3957 716
3958 40
3959 369
3960 171
3961 629
3962 596
3963 188
3964 1488
3965 1256
3966 104
3967 171
3968 3068
3969 104
3970 237
3971 1038
3972 5
3973 206
3974 790
3975 664
3976 104
3977 15
3978 148
3979 568
3980 1112
3981 998
3982 104
3983 62
3984 84
3985 617
3986 559
3987 92
3988 925
3989 662
3990 714
3991 237
3992 92
3993 1099
3994 790
3995 923
3996 77
3997 1217
3998 92
3999 3160
4000 184
4001 711
4002 420
4003 714
4004 1039
4005 693
4006 38
4007 4
4008 2451
4009 1434
4010 43
4011 1072
4012 766
4013 213
4014 1536
4015 210
4016 182
4017 550
4018 810
4019 40
4020 700
4021 23
4022 272
4023 343
4024 1128
4025 317
4026 23
4027 944
4028 1268
4029 244
4030 1967
4031 851
4032 1017
4033 1158
4034 1302
4035 104
4036 702
4037 763
4038 495
4039 48
4040 1285
4041 720
4042 85
4043 179
4044 799
4045 885
4046 85
4047 1987
4048 1241
4049 51
4050 38
4051 311
4052 525
4053 210
4054 1563
4055 495
4056 48
4057 13
4058 1466
4059 416
4060 22
4061 167
4062 394
4063 213
4064 67
4065 13
4066 328
4067 0
4068 557
4069 638
4070 869
4071 546
4072 18
4073 127
4074 41
4075 7
4076 1039
4077 64
4078 2486
4079 600
4080 85
4081 1562
4082 766
4083 695
4084 84
4085 1115
4086 765
4087 97
4088 1898
4089 445
4090 128
4091 743
4092 560
4093 615
4094 400
4095 163
4096 177
4097 528
4098 132
4099 2214
4100 1301
4101 5
4102 623
4103 294
4104 466
4105 9
4106 710
4107 1256
4108 210
4109 738
4110 91
4111 434
4112 714
4113 215
4114 44
4115 1115
4116 321
4117 2658
4118 1477
4119 1298
4120 547
4121 1528
4122 213
4123 128
4124 64
4125 64
4126 602
4127 2144
4128 1109
4129 755
4130 209
4131 783
4132 199
4133 2489
4134 669
4135 50
4136 1847
4137 1575
4138 1638
4139 2046
4140 2774
4141 40
4142 702
4143 1240
4144 484
4145 134
4146 2031
4147 535
4148 203
4149 434
4150 128
4151 623
4152 9
4153 39
4154 27
4155 755
4156 1449
4157 424
4158 1001
4159 23
4160 645
4161 183
4162 201
4163 89
4164 44
4165 184
4166 23
4167 1179
4168 617
4169 420
4170 406
4171 23
4172 2237
4173 905
4174 85
4175 44
4176 597
4177 167
4178 204
4179 123
4180 1121
4181 92
4182 211
4183 541
4184 124
4185 2627
4186 1298
4187 741
4188 608
4189 1064
4190 723
4191 82
4192 896
4193 1585
4194 199
4195 394
4196 31
4197 409
4198 1846
4199 125
4200 277
4201 1259
4202 129
4203 209
4204 720
4205 693
4206 46
4207 1965
4208 116
4209 1921
4210 149
4211 164
4212 533
4213 1046
4214 50
4215 559
4216 718
4217 38
4218 933
4219 167
4220 192
4221 642
4222 277
4223 726
4224 75
4225 311
4226 359
4227 961
4228 733
4229 60
4230 9
4231 745
4232 146
4233 51
4234 336
4235 1466
4236 84
4237 84
4238 960
4239 1256
4240 1154
4241 349
4242 203
4243 40
4244 669
4245 1135
4246 428
4247 5
4248 277
4249 286
4250 1518
4251 1662
4252 68
4253 156
4254 277
4255 1475
4256 567
4257 799
4258 92
4259 2065
4260 97
4261 375
4262 104
4263 2149
4264 1585
4265 45
4266 110
4267 576
4268 486
4269 891
4270 426
4271 127
4272 104
4273 44
4274 156
4275 559
4276 237
4277 134
4278 797
4279 326
4280 858
4281 376
4282 714
4283 127
4284 47
4285 244
4286 2957
4287 428
4288 104
4289 1070
4290 917
4291 280
4292 203
4293 132
4294 127
4295 160
4296 119
4297 506
4298 124
4299 0
4300 39
4301 151
4302 1298
4303 1545
4304 33
4305 1092
4306 104
4307 156
4308 714
4309 170
4310 843
4311 531
4312 68
4313 244
4314 964
4315 662
4316 213
4317 274
4318 542
4319 1200
4320 155
4321 357
4322 203
4323 127
4324 916
4325 623
4326 183
4327 317
4328 788
4329 1298
4330 2982
4331 1003
4332 6
4333 317
4334 970
4335 565
4336 615
4337 611
4338 1194
4339 2671
4340 1302
4341 32
4342 2493
4343 1068
4344 127
4345 1585
4346 1200
4347 2554
4348 748
4349 743
4350 128
4351 992
4352 486
4353 645
4354 5
4355 581
4356 1298
4357 1843
4358 788
4359 51
4360 168
4361 5
4362 104
4363 104
4364 857
4365 444
4366 213
4367 317
4368 529
4369 1563
4370 195
4371 447
4372 657
4373 516
4374 184
4375 92
4376 116
4377 343
4378 1061
4379 1045
4380 1194
4381 1281
4382 1343
4383 272
4384 50
4385 7
4386 1092
4387 525
4388 1963
4389 512
4390 259
4391 1241
4392 1135
4393 134
4394 317
4395 92
4396 266
4397 903
4398 2254
4399 533
4400 1253
4401 631
4402 104
4403 5
4404 213
4405 124
4406 1237
4407 259
4408 873
4409 2482
4410 2618
4411 105
4412 29
4413 432
4414 1789
4415 529
4416 510
4417 210
4418 770
4419 1176
4420 206
4421 420
4422 1730
4423 206
4424 204
4425 0
4426 92
4427 1458
4428 1141
4429 341
4430 44
4431 364
4432 151
4433 85
4434 366
4435 184
4436 2286
4437 218
4438 184
4439 343
4440 290
4441 26
4442 43
4443 306
4444 723
4445 1483
4446 317
4447 423
4448 47
4449 1270
4450 738
4451 2727
4452 434
4453 381
4454 0
4455 970
4456 951
4457 255
4458 2599
4459 9
4460 48
4461 128
4462 545
4463 669
4464 629
4465 357
4466 657
4467 434
4468 44
4469 648
4470 155
4471 622
4472 694
4473 1921
4474 994
4475 1158
4476 663
4477 38
4478 244
4479 872
4480 743
4481 1348
4482 652
4483 38
4484 51
4485 1628
4486 273
4487 728
4488 113
4489 47
4490 216
4491 40
4492 872
4493 167
4494 719
4495 51
4496 38
4497 467
4498 15
4499 336
4500 213
4501 1105
4502 9
4503 669
4504 1475
4505 128
4506 470
4507 315
4508 669
4509 259
4510 1284
4511 66
4512 1356
4513 78
4514 220
4515 43
4516 238
4517 1497
4518 788
4519 1651
4520 132
4521 559
4522 255
4523 652
4524 44
4525 311
4526 4
4527 104
4528 1909
4529 1614
4530 124
4531 461
4532 374
4533 160
4534 694
4535 1331
4536 661
4537 315
4538 633
4539 1438
4540 1423
4541 48
4542 0
4543 2269
4544 183
4545 184
4546 1654
4547 48
4548 403
4549 171
4550 1375
4551 46
4552 2084
4553 60
4554 209
4555 124
4556 788
4557 82
4558 806
4559 792
4560 748
4561 2237
4562 2033
4563 85
4564 175
4565 48
4566 48
4567 2489
4568 244
4569 609
4570 711
4571 129
4572 420
4573 63
4574 2965
4575 22
4576 128
4577 127
4578 1347
4579 175
4580 184
4581 5
4582 434
4583 92
4584 104
4585 486
4586 795
4587 238
4588 206
4589 535
4590 249
4591 304
4592 246
4593 336
4594 194
4595 167
4596 743
4597 229
4598 67
4599 23
4600 44
4601 541
4602 68
4603 127
4604 1120
4605 617
4606 23
4607 50
4608 335
4609 1614
4610 743
4611 1341
4612 1039
4613 44
4614 186
4615 624
4616 696
4617 48
4618 256
4619 44
4620 420
4621 338
4622 51
4623 3
4624 1273
4625 243
4626 2309
4627 701
4628 795
4629 743
4630 1288
4631 104
4632 5
4633 93
4634 1847
4635 105
4636 1098
4637 168
4638 128
4639 505
4640 499
4641 486
4642 719
4643 722
4644 2000
4645 990
4646 9
4647 9
4648 22
4649 317
4650 246
4651 38
4652 958
4653 167
4654 1542
4655 218
4656 38
4657 351
4658 383
4659 284
4660 3181
4661 170
4662 285
4663 1115
4664 420
4665 124
4666 317
4667 512
4668 895
4669 276
4670 104
4671 124
4672 38
4673 1211
4674 639
4675 681
4676 74
4677 2398
4678 84
4679 420
4680 311
4681 151
4682 59
4683 611
4684 1263
4685 694
4686 104
4687 2046
4688 1069
4689 166
4690 1092
4691 246
4692 96
4693 718
4694 33
4695 58
4696 530
4697 38
4698 186
4699 794
4700 129
4701 68
4702 945
4703 134
4704 381
4705 42
4706 3199
4707 1298
4708 990
4709 695
4710 898
4711 500
4712 435
4713 1149
4714 148
4715 132
4716 679
4717 244
4718 1534
4719 1921
4720 124
4721 105
4722 1871
4723 383
4724 650
4725 751
4726 328
4727 2764
4728 369
4729 236
4730 127
4731 2065
4732 256
4733 1064
4734 23
4735 766
4736 136
4737 104
4738 531
4739 51
4740 251
4741 48
4742 882
4743 381
4744 417
4745 1080
4746 43
4747 1241
4748 411
4749 919
4750 1232
4751 869
4752 164
4753 5
4754 701
4755 2130
4756 159
4757 420
4758 123
4759 629
4760 834
4761 648
4762 714
4763 115
4764 600
4765 150
4766 290
4767 22
4768 719
4769 38
4770 1456
4771 795
4772 29
4773 418
4774 198
4775 723
4776 272
4777 2943
4778 1586
4779 425
4780 3141
4781 38
4782 1007
4783 1635
4784 939
4785 617
4786 148
4787 1922
4788 244
4789 396
4790 1308
4791 611
4792 442
4793 201
4794 1241
4795 26
4796 1605
4797 128
4798 797
4799 334
4800 1297
4801 155
4802 201
4803 2202
4804 406
4805 27
4806 335
4807 453
4808 48
4809 4
4810 611
4811 127
4812 1483
4813 1285
4814 167
4815 763
4816 338
4817 614
4818 669
4819 1070
4820 529
4821 88
4822 1864
4823 40
4824 541
4825 92
4826 78
4827 406
4828 140
4829 797
4830 559
4831 5
4832 70
4833 189
4834 9
4835 177
4836 246
4837 43
4838 127
4839 412
4840 5
4841 1080
4842 385
4843 259
4844 132
4845 10
4846 662
4847 327
4848 891
4849 611
4850 829
4851 167
4852 40
4853 122
4854 617
4855 798
4856 305
4857 2036
4858 206
4859 127
4860 696
4861 851
4862 1145
4863 520
4864 23
4865 208
4866 174
4867 2268
4868 662
4869 132
4870 210
4871 151
4872 1263
4873 48
4874 420
4875 71
4876 2134
4877 127
4878 26
4879 2478
4880 1058
4881 1195
4882 434
4883 143
4884 184
4885 635
4886 732
4887 986
4888 392
4889 2517
4890 437
4891 123
4892 116
4893 2041
4894 259
4895 124
4896 338
4897 246
4898 470
4899 122
4900 23
4901 116
4902 50
4903 605
4904 156
4905 726
4906 609
4907 669
4908 361
4909 1484
4910 412
4911 104
4912 0
4913 542
4914 501
4915 124
4916 1451
4917 106
4918 27
4919 2727
4920 22
4921 14
4922 1116
4923 1283
4924 884
4925 1263
4926 1352
4927 1299
4928 534
4929 1545
4930 769
4931 685
4932 1466
4933 44
4934 1065
4935 462
4936 722
4937 236
4938 44
4939 540
4940 377
4941 104
4942 97
4943 438
4944 726
4945 2032
4946 23
4947 585
4948 50
4949 1545
4950 1451
4951 171
4952 68
4953 376
4954 964
4955 994
4956 105
4957 504
4958 527
4959 10
4960 258
4961 68
4962 132
4963 375
4964 1240
4965 280
4966 820
4967 256
4968 104
4969 228
4970 115
4971 244
4972 51
4973 41
4974 45
4975 40
4976 22
4977 331
4978 210
4979 775
4980 648
4981 1738
4982 64
4983 21
4984 1231
4985 1495
4986 2042
4987 3301
4988 1824
4989 244
4990 159
4991 127
4992 513
4993 127
4994 623
4995 669
4996 1130
4997 743
4998 5
4999 14
5000 1454
5001 741
5002 115
5003 104
5004 1520
5005 38
5006 788
5007 2039
5008 1517
5009 1461
5010 23
5011 619
5012 132
5013 23
5014 43
5015 1120
5016 790
5017 108
5018 192
5019 1194
5020 2540
5021 1501
5022 309
5023 239
5024 1535
5025 1270
5026 1775
5027 38
5028 406
5029 155
5030 1582
5031 700
5032 939
5033 1106
5034 0
5035 2461
5036 129
5037 632
5038 3087
5039 64
5040 2569
5041 1433
5042 321
5043 174
5044 2705
5045 1039
5046 1793
5047 117
5048 44
5049 211
5050 1115
5051 246
5052 797
5053 106
5054 60
5055 38
5056 85
5057 153
5058 1502
5059 52
5060 822
5061 1465
5062 76
5063 633
5064 994
5065 1195
5066 2836
5067 439
5068 1080
5069 153
5070 171
5071 2924
5072 409
5073 104
5074 44
5075 89
5076 2525
5077 531
5078 12
5079 137
5080 124
5081 105
5082 9
5083 623
5084 10
5085 629
5086 1092
5087 245
5088 1450
5089 1897
5090 16
5091 167
5092 281
5093 352
5094 39
5095 15
5096 559
5097 1256
5098 1168
5099 531
5100 381
5101 560
5102 1344
5103 847
5104 535
5105 611
5106 321
5107 1313
5108 174
5109 44
5110 0
5111 829
5112 385
5113 788
5114 720
5115 280
5116 64
5117 184
5118 2372
5119 160
5120 68
5121 104
5122 1453
5123 1672
5124 2222
5125 1456
5126 552
5127 104
5128 716
5129 26
5130 68
5131 92
5132 4
5133 559
5134 390
5135 9
5136 756
5137 1270
5138 151
5139 67
5140 2268
5141 1488
5142 92
5143 622
5144 382
5145 217
5146 127
5147 277
5148 259
5149 66
5150 2133
5151 256
5152 1846
5153 412
5154 41
5155 266
5156 718
5157 788
5158 199
5159 128
5160 383
5161 3329
5162 217
5163 527
5164 200
5165 3171
5166 37
5167 64
5168 515
5169 231
5170 53
5171 1253
5172 176
5173 338
5174 184
5175 90
5176 1451
5177 338
5178 336
5179 10
5180 97
5181 523
5182 505
5183 246
5184 132
5185 428
5186 44
5187 2269
5188 1281
5189 113
5190 128
5191 29
5192 104
5193 743
5194 60
5195 97
5196 298
5197 486
5198 184
5199 343
5200 26
5201 505
5202 44
5203 120
5204 244
5205 1135
5206 716
5207 48
5208 733
5209 67
5210 797
5211 29
5212 48
5213 64
5214 1531
5215 1649
5216 540
5217 528
5218 1247
5219 60
5220 869
5221 453
5222 317
5223 294
5224 1448
5225 240
5226 317
5227 1014
5228 553
5229 609
5230 290
5231 2193
5232 714
5233 77
5234 348
5235 420
5236 88
5237 857
5238 38
5239 64
5240 175
5241 258
5242 799
5243 559
5244 145
5245 1231
5246 1903
5247 669
5248 244
5249 1449
5250 1204
5251 1970
5252 1251
5253 2
5254 49
5255 1106
5256 64
5257 64
5258 770
5259 317
5260 280
5261 352
5262 15
5263 1313
5264 420
5265 17
5266 372
5267 167
5268 1299
5269 1284
5270 21
5271 1145
5272 534
5273 911
5274 97
5275 611
5276 2231
5277 44
5278 703
5279 81
5280 184
5281 184
5282 338
5283 60
5284 896
5285 206
5286 321
5287 2254
5288 600
5289 892
5290 376
5291 629
5292 2133
5293 153
5294 740
5295 600
5296 34
5297 0
5298 104
5299 998
5300 523
5301 1583
5302 1909
5303 1251
5304 1913
5305 136
5306 2702
5307 41
5308 215
5309 1061
5310 499
5311 1308
5312 92
5313 1644
5314 1017
5315 119
5316 2086
5317 1669
5318 139
5319 40
5320 415
5321 495
5322 2047
5323 22
5324 192
5325 26
5326 124
5327 123
5328 581
5329 244
5330 666
5331 87
5332 192
5333 322
5334 1475
5335 831
5336 38
5337 567
5338 221
5339 92
5340 2398
5341 160
5342 29
5343 1529
5344 155
5345 323
5346 205
5347 475
5348 167
5349 405
5350 231
5351 176
5352 194
5353 128
5354 1644
5355 733
5356 885
5357 1251
5358 15
5359 44
5360 2049
5361 127
5362 48
5363 3084
5364 150
5365 192
5366 3232
5367 256
5368 26
5369 67
5370 234
5371 338
5372 990
5373 1564
5374 901
5375 168
5376 956
5377 505
5378 171
5379 1168
5380 766
5381 509
5382 50
5383 559
5384 33
5385 901
5386 1281
5387 462
5388 338
5389 545
5390 715
5391 129
5392 600
5393 127
5394 865
5395 1494
5396 612
5397 5
5398 828
5399 1195
5400 505
5401 376
5402 264
5403 559
5404 96
5405 26
5406 23
5407 639
5408 661
5409 1277
5410 2231
5411 104
5412 255
5413 38
5414 1629
5415 2490
5416 955
5417 76
5418 244
5419 44
5420 134
5421 29
5422 206
5423 1549
5424 1824
5425 120
5426 283
5427 1284
5428 40
5429 13
5430 51
5431 43
5432 170
5433 43
5434 0
5435 2392
5436 1092
5437 1494
5438 116
5439 597
5440 611
5441 104
5442 280
5443 2714
5444 2984
5445 23
5446 669
5447 244
5448 2071
5449 127
5450 662
5451 1319
5452 1071
5453 174
5454 538
5455 369
5456 390
5457 85
5458 259
5459 34
5460 194
5461 1241
5462 259
5463 762
5464 219
5465 1950
5466 167
5467 156
5468 160
5469 1456
5470 1331
5471 372
5472 221
5473 625
5474 164
5475 918
5476 1584
5477 1115
5478 167
5479 2809
5480 1092
5481 34
5482 184
5483 47
5484 350
5485 1995
5486 48
5487 218
5488 1062
5489 174
5490 1145
5491 60
5492 412
5493 246
5494 84
5495 141
5496 109
5497 390
5498 192
5499 1553
5500 2141
5501 39
5502 1542
5503 38
5504 1098
5505 2279
5506 315
5507 195
5508 27
5509 44
5510 126
5511 2425
5512 529
5513 602
5514 985
5515 1492
5516 71
5517 23
5518 1730
5519 1655
5520 41
5521 0
5522 2052
5523 372
5524 2512
5525 111
5526 601
5527 945
5528 1644
5529 1472
5530 325
5531 186
5532 453
5533 96
5534 160
5535 529
5536 128
5537 796
5538 176
5539 9
5540 1635
5541 611
5542 260
5543 993
5544 26
5545 9
5546 1283
5547 756
5548 151
5549 1651
5550 756
5551 134
5552 409
5553 315
5554 244
5555 1643
5556 587
5557 23
5558 535
5559 1943
5560 5
5561 3
5562 1590
5563 7
5564 20
5565 546
5566 994
5567 662
5568 546
5569 585
5570 104
5571 770
5572 128
5573 1200
5574 417
5575 743
5576 559
5577 499
5578 1489
5579 1459
5580 2379
5581 2085
5582 164
5583 104
5584 70
5585 244
5586 411
5587 829
5588 13
5589 760
5590 372
5591 1499
5592 591
5593 40
5594 5
5595 84
5596 439
5597 199
5598 982
5599 1298
5600 2104
5601 110
5602 643
5603 124
5604 611
5605 515
5606 297
5607 26
5608 2610
5609 212
5610 1235
5611 1730
5612 328
5613 317
5614 454
5615 44
5616 1194
5617 4
5618 1272
5619 10
5620 688
5621 669
5622 216
5623 891
5624 796
5625 1046
5626 1967
5627 324
5628 14
5629 167
5630 109
5631 951
5632 160
5633 1844
5634 132
5635 454
5636 10
5637 290
5638 104
5639 673
5640 206
5641 68
5642 2065
5643 587
5644 260
5645 216
5646 129
5647 733
5648 208
5649 823
5650 48
5651 184
5652 1299
5653 2503
5654 217
5655 92
5656 38
5657 132
5658 1775
5659 215
5660 505
5661 743
5662 32
5663 52
5664 22
5665 662
5666 832
5667 322
5668 1646
5669 315
5670 662
5671 132
5672 38
5673 198
5674 600
5675 557
5676 608
5677 326
5678 1619
5679 33
5680 243
5681 41
5682 132
5683 1093
5684 1000
5685 259
5686 864
5687 1018
5688 164
5689 3
5690 57
5691 147
5692 847
5693 129
5694 168
5695 124
5696 9
5697 315
5698 1284
5699 420
5700 1200
5701 171
5702 873
5703 653
5704 44
5705 124
5706 127
5707 134
5708 22
5709 797
5710 1730
5711 1240
5712 505
5713 43
5714 547
5715 64
5716 964
5717 596
5718 2577
5719 1033
5720 44
5721 1115
5722 743
5723 336
5724 256
5725 43
5726 881
5727 396
5728 1271
5729 104
5730 553
5731 420
5732 1092
5733 1835
5734 209
5735 1690
5736 3480
5737 51
5738 50
5739 891
5740 183
5741 113
5742 210
5743 629
5744 662
5745 61
5746 50
5747 1475
5748 38
5749 128
5750 1344
5751 23
5752 486
5753 22
5754 151
5755 432
5756 256
5757 41
5758 1339
5759 38
5760 326
5761 766
5762 376
5763 431
5764 23
5765 48
5766 174
5767 128
5768 1231
5769 2440
5770 1149
5771 184
5772 104
5773 669
5774 1240
5775 64
5776 484
5777 2232
5778 356
5779 41
5780 417
5781 1488
5782 275
5783 795
5784 21
5785 51
5786 306
5787 355
5788 350
5789 128
5790 434
5791 1582
5792 1687
5793 4
5794 264
5795 171
5796 5
5797 374
5798 611
5799 474
5800 415
5801 467
5802 151
5803 44
5804 1454
5805 723
5806 5
5807 1922
5808 23
5809 82
5810 266
5811 104
5812 284
5813 2913
5814 167
5815 1531
5816 1196
5817 213
5818 47
5819 239
5820 974
5821 104
5822 635
5823 766
5824 718
5825 619
5826 41
5827 2121
5828 259
5829 417
5830 923
5831 116
5832 167
5833 124
5834 198
5835 1001
5836 511
5837 171
5838 96
5839 209
5840 209
5841 23
5842 103
5843 171
5844 186
5845 481
5846 796
5847 44
5848 1483
5849 184
5850 186
5851 38
5852 1906
5853 255
5854 328
5855 1687
5856 217
5857 243
5858 1710
5859 51
5860 331
5861 417
5862 116
5863 499
5864 2570
5865 311
5866 189
5867 373
5868 123
5869 394
5870 371
5871 286
5872 259
5873 845
5874 681
5875 2093
5876 559
5877 661
5878 97
5879 759
5880 186
5881 629
5882 210
5883 209
5884 371
5885 2018
5886 167
5887 246
5888 495
5889 67
5890 159
5891 109
5892 582
5893 1150
5894 132
5895 171
5896 1790
5897 38
5898 669
5899 156
5900 719
5901 372
5902 338
5903 2353
5904 20
5905 48
5906 348
5907 1150
5908 128
5909 167
5910 48
5911 1241
5912 210
5913 244
5914 41
5915 1922
5916 1801
5917 38
5918 547
5919 761
5920 1109
5921 1128
5922 184
5923 167
5924 51
5925 124
5926 1092
5927 50
5928 128
5929 1258
5930 21
5931 1092
5932 127
5933 499
5934 1448
5935 2055
5936 259
5937 246
5938 2929
5939 650
5940 383
5941 317
5942 6
5943 1310
5944 644
5945 1256
5946 614
5947 2643
5948 1637
5949 390
5950 582
5951 0
5952 512
5953 1497
5954 209
5955 3159
5956 132
5957 748
5958 468
5959 323
5960 18
5961 499
5962 505
5963 33
5964 559
5965 134
5966 5
5967 14
5968 3
5969 1
5970 2
5971 980
5972 213
5973 1446
5974 385
5975 0
5976 2045
5977 585
5978 671
5979 2378
5980 1799
5981 57
5982 78
5983 505
5984 420
5985 728
5986 414
5987 611
5988 515
5989 1231
5990 38
5991 994
5992 336
5993 1451
5994 600
5995 44
5996 1687
5997 189
5998 1179
5999 26
6000 843
6001 195
6002 726
6003 364
6004 2325
6005 420
6006 151
6007 1240
6008 505
6009 672
6010 797
6011 1509
6012 134
6013 2482
